40
40
1111111111111111111111111111111111111111
1000001009000000000000001000000000000001
1000001001000000001000001000000000000001
1006001001000000001000001000000000000001
1000001001000000001000001000000000000001
1000001001000000001000001000000100000001
1000000001000000001000001000000100000001
1000000001000010001000001000000100000001
1000000001000010001000001000000100000001
1000000001000010001000001000000100000001
1000000001000010001000001000000100000001
1000000001000010001000001000000100000001
1000000001000010001000001000000100000001
1000000001000010001000001000000100000001
1000000001000010001000001000000100000001
1000000001000010001000001111100100000001
1000000001000010001000000000100100000001
1000000001000010001000000000100100000001
1000000001000010001000000000100100000001
1000000001000010001000000000100100000001
1000000001000010001000000000100100000001
1000000001000010001000000000100100000001
1000000001000010001000000000100100000001
1000000000000010001000000000100100000001
1000000000000010001000000000100100000001
1000000000000000001000000000100100000001
1000000000000000001000000000100100000001
1000000000000000001000000000100100000001
1000000000000000001000000000100100000001
1000000000000000001000001111100100000001
1000000000000000001000000100000100000001
1000000000000000001000000100000100000001
1000000000000000001000000111110100000001
1000000000000000001000000000010100000001
1000000000000000001000000000010100000001
1000000000000000001000000000010100000001
1000000000000000001000000000010100000001
1000000000000000001000000000000107000001
1000000000000000001000000000010100000001
1111111111111111111111111111111111111111



